65.78    112.99
71.52    136.49
69.40    153.03
68.22    142.34
67.79    144.30
68.70    123.30
69.80    141.49
70.01    136.46
67.90    112.37
66.78    120.67
66.49    127.45
67.62    114.14
68.30    125.61
67.12    122.46
68.28    116.09
71.09    140.00
66.46    129.50
68.65    142.97
71.23    137.90
67.13    124.04
67.83    141.28
68.88    143.54
63.48    97.90
68.42    129.50
67.63    141.85
67.21    129.72
70.84    142.42
67.49    131.55
66.53    108.33
65.44    113.89
69.52    103.30
65.81    120.75
67.82    125.79
70.60    136.22
71.80    140.10
69.21    128.75
66.80    141.80
67.66    121.23
67.81    131.35
64.05    106.71
68.57    124.36
65.18    124.86
69.66    139.67
67.97    137.37
65.98    106.45
68.67    128.76
66.88    145.68
67.70    116.82
69.82    143.62
69.09    134.93
69.91    147.02
67.33    126.33
70.27    125.48
69.10    115.71
65.38    123.49
70.18    147.89
70.41    155.90
66.54    128.07
66.36    119.37
67.54    133.81
66.50    128.73
69.00    137.55
68.30    129.76
67.01    128.82
70.81    135.32
68.22    109.61
69.06    142.47
67.73    132.75
67.22    103.53
67.37    124.73
65.27    129.31
70.84    134.02
69.92    140.40
64.29    102.84
68.25    128.52
66.36    120.30
68.36    138.60
65.48    132.96
69.72    115.62
67.73    122.52
68.64    134.63
66.78    121.90
70.05    155.38
66.28    128.94
69.20    129.10
69.13    139.47
67.36    140.89
70.09    131.59
70.18    121.12
68.23    131.51
68.13    136.55
70.24    141.49
71.49    140.61
69.20    112.14
70.06    133.46
70.56    131.80
66.29    120.03
63.43    123.10
66.77    128.14
68.89    115.48
64.87    102.09
67.09    130.35
68.35    134.18
65.61    98.64
67.76    114.56
68.02    123.49
67.66    123.05
66.31    126.48
69.44    128.42
63.84    127.19
67.72    122.06
70.05    127.61
70.19    131.64
65.95    111.90
70.01    122.04
68.61    128.55
68.81    132.68
69.76    136.06
65.46    115.94
68.83    136.90
65.80    119.88
67.21    109.01
69.42    128.27
68.94    135.29
67.94    106.86
65.63    123.29
66.50    109.51
67.93    119.31
68.89    140.24
70.24    133.98
68.27    132.58
71.23    130.70
69.10    115.56
64.40    123.79
71.10    128.14
68.22    135.96
65.92    116.63
67.44    126.82
73.90    151.39
69.98    130.40
69.52    136.21
65.18    113.40
68.01    125.33
68.34    127.58
65.18    107.16
68.26    116.46
68.57    133.84
64.50    112.89
68.71    130.76
68.89    137.76
69.54    125.40
67.40    138.47
66.48    120.82
66.01    140.15
72.44    136.74
64.13    106.11
70.98    158.96
67.50    108.79
72.02    138.78
65.31    115.91
67.08    146.29
64.39    109.88
69.37    139.05
68.38    119.90
65.31    128.31
67.14    127.24
68.39    115.23
66.29    124.80
67.19    126.95
65.99    111.27
69.43    122.61
67.97    124.21
67.76    124.65
65.28    119.52
73.83    139.30
66.81    104.83
66.89    123.04
65.74    118.89
65.98    121.49
66.58    119.25
67.11    135.02
65.87    116.23
66.78    109.17
68.74    124.22
66.23    141.16
65.96    129.15
68.58    127.87
66.59    120.92
66.97    127.65
68.08    101.47
70.19    144.99
65.52    110.95
67.46    132.86
67.41    146.34
69.66    145.59
65.80    120.84
66.11    115.78
68.24    128.30
68.02    127.47
71.39    127.88
65.7316    121.4997
66.43358    112.7148
70.01309     135.002
69.48146     128.6789
68.62764     124.4062
68.36275     140.026
68.39028     117.519
68.77413     143.8737
69.9236     141.1703
71.55542     155.9414
68.44764     134.0093
66.71398     130.0975
66.68413     106.2265
67.93699     112.0489
68.89855     136.1884
67.29191     131.236
69.57212     131.3231
67.67479     119.5261
69.04155     116.9965
67.96765     138.5255
65.83982     109.6518
65.77288     130.1569
71.14106     137.1114
67.83055     113.759
65.0693     114.9725
69.70745     127.7149
69.92983     121.9972
66.11569     117.9607
68.61364     127.7141
68.9976     117.9619
66.79171     125.1554
68.02363     141.1026
69.67258     145.4822
71.82178     116.065
72.74676     135.7458
67.27951     132.9248
67.41015     115.6622
68.5315     114.3184
68.47126     148.952
68.51867     142.1878
63.72529     134.104
67.70483     141.8926
69.47115     138.7444
66.70198     134.449
65.23126     117.0167
69.89473     115.6752
69.83048     134.7905
65.3979     120.5746
68.32214     120.0835
65.93895     84.3598
70.09805     138.9394
66.05531     143.5245
68.23481     123.1347
65.21758     115.5261
69.16173     120.9844
67.60064     120.6473
67.28621     124.0352
66.84323     117.2238
68.08281     127.9598
66.56991     116.7527
70.16973     121.9957
67.85113     123.9952
66.62309     108.855
63.68816     104.6574
68.0356     132.248
66.941    127.1834
66.26292     125.1209
70.7301     133.322
70.70844     122.3364
73.26872     130.2636
63.79021     116.7431
67.84109     125.8534
67.78058     100.627
67.23901     118.4945
66.75701     137.1255
69.03098     118.6991
68.52652     124.1641
64.65419     124.9442
65.14295     126.3889
66.74124     121.5255
66.99923     133.2951
70.26611     127.4072
67.57666     125.08
66.30582     102.8114
68.90702     134.2212
65.60543     100.9758
68.00189     145.8886
69.93715     155.3046
70.1459     138.7175
66.66364     116.2611
69.40676     120.6087
66.80598     114.4083
67.70048     133.3406
69.13438     92.74955
67.53769     131.7825
65.77912     118.3865
66.25769     131.1466
67.39038     130.2033
64.94327     129.1836
69.25699    143.1445